3.1415926535
  8979323846
  2643383279
  5028841971
  6939937510
  5820974944
  6226959547
  4950348885
  8786944089
  5243453638
  2893014208
  1183462402
  8697887134
  0372072893
  2172628317
  2354886232
  0511413547
  3669482833
  7860601526
  6627473632
  4177309629
  9321978468
  6224137945
  2444286462
  8814825986
  4462461691
  5573572712
  6684624824
  2828064444
  8664523874
  9303589072
  9629049156
  0440772390
  7138105158
  5930796086
  6701724271
  2188399879
  7908601172
  6610273926
  7941101456
  8707211349
  9949516729
  7866681782
  3560414381
  4458544473
  4469063267
  6477480046
  5517225586
  7820707252
  4684443629
  8123098787
  9927244284
  9091888458
  0156166097
  9191338754
  9920052406
  3689912560
  7176060588
  6116467109
  4050775410
  0225698315
  5200055935
  7297257163
  6269561882
  6704282524
  8360082325
  7530420752